           1           2   1.0010767302316252     
           2           3   1.0117751470037402     
           2           4  0.95706447703769060     
           4           5   1.7606788525606232     
           4           6   1.1418713209435483     
           5           6  0.17308384436249805     
           1           7  0.98301850017452097     
           1           8  0.98529654042796533     
           1           9  0.98334500124479352     
           2          10  0.93698871625336833     
           3          11  0.96631579764596187     
           3          12  0.95983841203628817     
           6          13  0.85977638268574186     
